0000000111111000000000000001111111000000000000000000111111110
0000000111111000000000000001111111000000000000000000111111110
0000000111111000000000000001111111000000000000000000111111110
0000000111111000000000000000000000000000000000000000111111110
0000000111111000000000000000000000000000000000000000111111110
0000000111111000000000000000000000000000000000000000111111110
0000000000000000000000000000000000000000000000000000000000000
0000000000000000000000000000000000000000000000000000000000000
0000000000000000000000000000000000000000000000000000000000000
0000000000000000000011111111000000000000000000000000000000000
0000000000000000000011111111000000000000000111111111100000000
0000000000000000000011111111000000000000000111111111100000000
0000000000000000000011111111000000000000000111111111100000000
0000001111111000000011111111000000000000000111111111100000000
0000001111111000000000000000000000000000000111111111100000000
0000001111111000000000000000000000000000000111111111100000000
0000001111111000000000000000000000000000000111111111100000000
0000001111111000000000000000000000000000000000000000000000000
0000000000000000000000000000000000000000000000000000000000000

largeur(ligne)=19;
longueur(colonne)=61;
